Fe,Ni,Co,Cr,Cu,TEC
0.07982511088235236,0.512038389408036,0.22398576258681618,0.15529660367057369,0.028854133452221646,11.573048637328355
0.03862363100469525,0.013627600535516132,0.45803500712174317,0.20931053128551969,0.28040323005252576,11.043953289107652
0.003617174745493152,0.6092981371808732,0.31067513539839897,0.04150978725580583,0.03489976541942879,11.339503333832962
0.09130535365891998,0.16347231116827193,0.33524562803005736,0.2548551368318312,0.15512157031091953,12.633893026129094
0.3774412659073136,0.05991806412233186,0.13780201381663426,0.18197712503584343,0.24286153111787692,12.994761204749068
0.44866959884451435,0.06497982308287199,0.2106410988618471,0.26183344455350954,0.013876034657257036,12.227189196983629
0.12415030171770237,0.024816076552493415,0.008928196833663,0.3947088669249881,0.44739655797115313,13.776399929696375
0.4290390313871077,0.09433014179493782,0.02668682267093413,0.2993195064285131,0.15062449771850714,12.207963739346528
0.0366773356108662,0.19262589915227982,0.009861347951237208,0.6764472124215057,0.08438820486411104,13.50575989813435
0.34056969898335854,0.11711665616833913,0.23016303081695685,0.24806942440548072,0.06408118962586479,11.68688073883459
0.3188801661563586,0.13623639546197752,0.2560945796647069,0.2056130143723326,0.08317584434462444,13.137806261953187
0.7725469084043958,0.02807707500377312,0.06610062970155195,0.014024669853168314,0.11925071703711078,11.525601666583551
0.1471558964473492,0.09465732261740889,0.5276348536605178,0.13193488743778023,0.09861703983694381,11.148159592069494
0.11231135792220576,0.021804361966739755,0.23261383624743365,0.011121346188133076,0.6221490976754877,13.11220901611948
0.3199884749253099,0.047915407280351784,0.001197654701978078,0.36549741287646903,0.2654010502158912,13.295581857251626
0.38123220229584165,0.43073849983564316,0.022462086588681755,0.1296093960770576,0.03595781520277582,11.017905384220827
0.5226362610008194,0.2565968400568992,0.10560822372417089,0.017259241636898476,0.09789943358121207,11.874456592938433
0.0710287134264614,0.23618961924636322,0.18327912650584524,0.3940934258527535,0.11540911496857661,12.664017315545191
0.02495213593630262,0.2447027135180663,0.28021263795055373,0.16139881009591894,0.2887337024991584,12.182058177285983
0.3214084353096104,0.34919781726174637,0.2633406402060097,0.012155365281990824,0.05389774194064276,12.598465335910788
0.007076304202977673,0.22419294561766095,0.08362875210436845,0.1574284385308182,0.5276735595441746,13.676559997980126
0.11184660028967981,0.20606397930421358,0.5495028582939838,0.10134073662090003,0.031245825491222737,11.5311627028015
0.058713551220377254,0.030169883362152393,0.455607088916232,0.28330320063983727,0.17220627586140125,11.726246196989115
0.2976712500394967,0.23621491053985277,0.0299620645420616,0.3236863896857358,0.11246538519285325,12.944559424895301
0.35278141438065436,0.4848900068874387,0.0819621959592603,0.024968336915346508,0.055398045857300286,10.818563033917066
0.1124441137506244,0.34392420405967256,0.39792312563899834,0.0014082134719687472,0.14430034307873582,10.694342452118088
0.12881590402881613,0.05988514792382685,0.03044248980449204,0.09821024662476782,0.6826462116180972,15.14200658041278
0.06142266546380802,0.11508618098177147,0.19102344327425885,0.0711132947712196,0.5613544155089422,14.054008532596411
0.6626426653989869,0.05856380619671727,0.13883942948821695,0.07226669141270448,0.06768740750337426,11.623121026622707
0.018279737291889912,0.4574214943180085,0.33973480916811855,0.025704866751947567,0.15885909247003552,11.284530088973863
0.30881545762163354,0.03540280219981119,0.02023522944903641,0.08690669879244789,0.548639811937071,13.909589832003588
0.06298359915280446,0.25342879507528626,0.3258635885017926,0.06166285251293118,0.2960611647571856,12.372299445744568
0.13790662132491166,0.30091435299178537,0.3019171201973198,0.23080097051946075,0.028460934966522352,12.005584494565731
0.541261983102295,0.11607923428309257,0.06194892240136535,0.012492818106003709,0.2682170421072435,12.79528120677505
0.35827642113910396,0.005294749061554012,0.22715883162805067,0.08129513211243533,0.32797486605885606,12.904670127742081
0.040227096532403,0.24652463327824686,0.10265634339403885,0.5795311593342181,0.031060767461093344,13.48081920429243
0.07556160851679446,0.021817924410442918,0.468476412797136,0.3801034328582761,0.054040621417350665,12.079375790509518
0.233521900449247,0.3678906733260661,0.17537095195799757,0.1632803534671001,0.059936120799589085,11.54915923922845
0.016030296359193025,0.3731949238587115,0.3783867604849722,0.16447079442250528,0.06791722487461786,12.374965771643893
0.05584003368100493,0.16826918634982324,0.2956127694311888,0.2835281610037568,0.19674984953422633,13.244623532990081
0.2276729519657396,0.01947859482211083,0.03907038496023294,0.5071184365308266,0.20665963172109014,14.878544147295088
0.0066673964273052415,0.0772100875732077,0.7859510151746232,0.00366176705956775,0.1265097337652962,10.251372804916194
0.17573524011290187,0.2600180276883,0.23310137533760497,0.05608654230317353,0.2750588145580196,12.564544513028746
0.05440909094390652,0.07908212201516786,0.2757096611364212,0.2107009741005064,0.38009815180399814,11.86387724269542
0.38598988746584206,0.3025234064168365,0.03542112371528062,0.16508851008322142,0.11097707231881954,12.786296312840333
0.03673119347138015,0.4743809047647233,0.06558128500007902,0.29233323240990194,0.13097338435391584,12.426157282593056
0.3922374308207076,0.1729688782065252,0.21301929665834093,0.16798069937633806,0.05379369493808835,12.949036437974566
0.4469404688198149,0.11492109000103833,0.008583577360927365,0.36158302922569663,0.06797183459252278,12.341815407884965
0.3191263252016915,0.3481397506206666,0.2786769533330162,0.052294835114609826,0.0017621357300160545,10.6817832342123
0.2228503694182218,0.047261807204462845,0.28756294978799396,0.28019753455637286,0.16212733903294851,12.095920549006157
0.10547686210872816,0.14706441108580376,0.5760274537502978,0.11526624721291044,0.05616502584225972,10.201595655236982
0.14270588159972022,0.48249712637128495,0.2088362928288536,0.1480328365498888,0.017927862650252417,12.23370998437154
0.1117047104726965,0.5395555642418576,0.017661600785784982,0.08548679204572185,0.24559133245393913,11.797139460730671
0.29674665147453116,0.2624656283733185,0.2664689976365827,0.09792222752920457,0.07639649498636288,11.857363621571308
0.19504577026699216,0.19551105488702186,0.23747959174293723,0.28769116527064675,0.08427241783240204,11.170488907989203
0.11327395292596208,0.260485487920615,0.17079646270226811,0.19696485815483844,0.25847923829631647,12.56914317444835
0.5446345127830277,0.1017758191086689,0.1161988404638987,0.024352239167676103,0.21303858847672888,13.264935521156172
0.013674734934361629,0.23409079689698015,0.29225332324031317,0.12613366410822185,0.3338474808201233,12.786560237859973
0.01301000903367511,0.015987263169968013,0.7263545385763256,0.18757267314631768,0.05707551607371363,10.5681296783055
0.21009245289309075,0.418006418159974,0.06914913633881321,0.2773780362596903,0.025373956348431655,12.338288906287662
0.013612080405563203,0.19441625917961458,0.1995469773989589,0.2602457431294903,0.33217893988637315,12.99681991557766
0.5523439883928621,0.107736374813842,0.05785463843787143,0.23521230944771926,0.046852688907705255,12.613982426940655
0.09998824564605206,0.014134585915202611,0.004442098149388506,0.5687003009334609,0.3127347693558959,13.09894138152869
0.5034567159434975,0.22235685177129727,0.08047006971052127,0.07193461775454002,0.12178174482014409,12.350454981446918
0.12152597461463176,0.1912362513785647,0.1646278912964241,0.05008921756948037,0.472520665140899,11.81124422338268
0.3414138401331087,0.20607728588451166,0.241212619914627,0.13871519232897908,0.07258106173877363,11.628448457698632
0.2153586740974447,0.6941089887994817,0.00709587946740386,0.06038678285922081,0.023049674776448925,9.806723889488335
0.010559653741463407,0.4911929083499738,0.3088655911152511,0.16323582834115502,0.026146018452156694,12.022224028673321
0.26166871322117874,0.24810498978638995,0.07356494324767578,0.22004309000885114,0.1966182637359045,12.784104966064072
0.2762133390415523,0.2910506459938605,0.013385169912286329,0.13551487741715956,0.28383596763514135,12.325228352278446
0.17632339249864862,0.4893995046076379,0.2709930023848652,0.04483536218860314,0.018448738320244955,11.088116690565402
0.18329327659271172,0.00478894243229578,0.1570847608855438,0.5021265288880783,0.15270649120137053,12.996479749938844
0.08526527809357448,0.17890014337696952,0.10637856289191872,0.13689880124999385,0.49255721438754346,13.430729048321504
0.07642524942151974,0.508912988077569,0.3692727664974232,0.034129609741076754,0.011259386262411351,11.05686498558613
0.07343384061865468,0.012712975553767296,0.06858067316492723,0.7942200784877592,0.05105243217489156,12.96690917317047
0.08961305099046701,0.43470813287273086,0.005492852564003359,0.3929535168035692,0.07723244676922952,13.15822590896468
0.021915268539113804,0.20793873771565274,0.1727774033974411,0.36587846916967953,0.23149012117811293,12.63888697405937
0.3136904430923112,0.06388231960744976,0.03766093800602962,0.2677570572740833,0.31700924202012626,13.233295813944906
0.6152721419501558,0.07029702816289528,0.06146689234705645,0.19790610007032614,0.05505783746956621,13.424067171860345
0.33461421629016724,0.24497497547646926,0.07022219765650042,0.17416393343306288,0.17602467714380024,11.937034217826032
0.020620748185507208,0.4411557023278964,0.13332695472688166,0.3318137720679073,0.07308282269180748,11.524393850936189
0.433024702319345,0.09450906455979775,0.00208898807143981,0.4520260284380692,0.018351216611348243,13.120709548747575
0.04667671788052895,0.3636748032113014,0.3650068526501058,0.10338765512128463,0.12125397113677926,11.449508160145001
0.15444154609639202,0.09007296417521429,0.10343080493433764,0.28975208539952146,0.36230259939453463,13.155555552542902
0.39560986727803465,0.39324750680918735,0.024126406273308955,0.17206117782668695,0.01495504181278214,10.975552149693979
0.19340212016192757,0.14128262158498364,0.5303036991545798,0.10481608809879088,0.030195470999718203,11.057303076454426
0.05621186782517598,0.5221763540381335,0.3507714958063438,0.038835888339642174,0.03200439399070452,12.25199307891706
0.27958950619966444,0.01749647584638786,0.3995530782752764,0.28370996734584547,0.019650972332825766,12.086475940775752
0.012643920375816613,0.6154758479410418,0.06686617529016009,0.06604149361793048,0.238972562775051,13.113359334115218
0.32084488867145017,0.46551247618643443,0.1526598892898279,0.05147418613719862,0.009508559715088825,10.228730003296238
0.28025228572557825,0.1525850196140389,0.1030536645438402,0.4421031271157382,0.022005903000804603,11.947488202311906
0.45031945989346034,0.007578444075033376,0.4196895118962589,0.03846132690484514,0.08395125723040198,10.050627408513243
0.018678846801785855,0.15650611147685295,0.20476650685861728,0.13080722827927815,0.4892413065834658,12.849711337910703
0.07350080182314606,0.05264140698650782,0.31752054158840376,0.0395952967297008,0.5167419528722416,13.4529293137273
0.001873668260959621,0.5366426844311004,0.006759730438725749,0.3397900715514978,0.11493384531771647,13.099440440277128
0.4925003823210842,0.0076169179839015375,0.08019277029835274,0.34612093013857126,0.07356899925809036,12.468746220909363
0.21327776917452315,0.2556641635773777,0.13023361999474858,0.21221331925725181,0.18861112799609875,12.612535981025651
0.29278302122256855,0.005884354620809626,0.04172974779823684,0.38004777995305583,0.27955509640532933,12.980834692261396
0.22257552475495188,0.35423703539841095,0.11889479305538636,0.07627022750528704,0.22802241928596376,12.663062454205939
0.04666624821747673,0.09379670776028197,0.008662252079236396,0.39231231129976335,0.4585624806432416,14.329770544461203
0.23162532382684814,0.14851972647429013,0.07161850937879465,0.32502913968034913,0.22320730063971805,12.205985198976851
0.02061223576384968,0.2808675603649724,0.20080976347354196,0.3474680235459883,0.15024241685164771,12.720133602845515
0.1521184271861435,0.08670305639191758,0.4319956772506021,0.3217765503677392,0.0074062888035978155,12.107109772938532
0.003994142265411793,0.07060503306980968,0.2486767421209568,0.6523579422216165,0.02436614032220541,12.346731705575444
0.10542769952962286,0.056059062252619564,0.4096462768737739,0.2158203118558172,0.21304664948816646,12.49392816856097
0.1783415324111712,0.1511057412641429,0.09006783997821444,0.01636363512461415,0.5641212512218572,14.944100748632339
0.09406153718335279,0.4586270493206604,0.3195889104156784,0.04549271616558424,0.08222978691472416,11.623579217667746
0.4982901584527745,0.32599802457300886,0.048888802922952064,0.10302894558194858,0.023794068469315977,11.081919712679795
0.48521404892654973,0.1467898529795615,0.040894228296390216,0.1754566479536773,0.15164522184382115,12.267303639038502
0.11393657665171962,0.030972442664464885,0.2860979565301653,0.18875763303936954,0.38023539111428045,12.94227229114259
0.11537213324753443,0.3003704674390791,0.12612584983039446,0.12932481263435439,0.32880673684863765,13.15829154232781
0.16855274319348582,0.04694248656075393,0.009527943616711273,0.45904311714387797,0.3159337094851709,13.714731087072977
0.593954664804016,0.1168146489935873,0.07151489436595901,0.007146719490701822,0.21056907234573577,11.881856709710883
0.1881433435923255,0.1051068537658811,0.12143018269923858,0.49496187436531014,0.09035774557724466,12.873836568543947
0.1262796464284853,0.2679296410314235,0.08839795976158474,0.1703080508500357,0.34708470192847063,13.851018231896115
0.44350416741009446,0.023626583245431567,0.38787992665015564,0.10062161651059573,0.04436770618372268,11.732593572274013
0.09299477012843649,0.5921851413950159,0.10266430162956815,0.06031564000337251,0.15184014684360697,12.821658891812664
0.34619478141430027,0.09945488567902916,0.1739306249867556,0.17272449489370403,0.20769521302621086,12.415805146439364
0.03672775403613584,0.2516545598424327,0.049330654125912886,0.10422639891333611,0.5580606330821823,14.106810309076579
0.2935825203588452,0.5033136931660164,0.08643595386923125,0.09759756499846854,0.019070267607438626,11.201407026441203
0.1994368307612568,0.35194086248417583,0.20996060046072343,0.10010881906788457,0.13855288722595946,11.67044532451464
0.19458008267204188,0.07280408727098377,0.14270873599482706,0.22053205239634244,0.36937504166580476,13.312766234001712
0.008375210046218249,0.3354814061863727,0.20644630546668366,0.017812096765297616,0.43188498153542765,12.413632147100705
0.42675207333562387,0.010602432590710613,0.05453679658310744,0.2760571897425152,0.23205150774804292,12.684726577249291
0.08070959455209782,0.09294362077091192,0.18311239321923292,0.2621988596540519,0.3810355318037055,13.264844252099914
0.1652387522359486,0.22288175559088583,0.4940259536232683,0.013415797232911909,0.10443774131698556,11.49400714924385
0.24524227469547724,0.442747472874878,0.14068482033016777,0.14907559351832195,0.022249838581155063,11.414377032822049
0.245223892413279,0.3144585411566326,0.11480685409530919,0.12968285449421768,0.19582785784056156,13.079387032663831
0.017316500801558398,0.3319966891229323,0.2028893550551761,0.3388501170428364,0.10894733797749694,12.715341618536629
0.3405370310730379,0.13861124042948336,0.17497813388685812,0.23964643959929682,0.10622715501132396,11.975830638853758
0.024720792830133047,0.20940238455668003,0.24030326044256284,0.37196328206691265,0.15361028010371153,11.76937684430179
0.048651252339086924,0.11897269079581245,0.16080415283276311,0.37008499764184644,0.3014869063904911,13.065527620428002
0.07269688494766373,0.7111363279817831,0.1537201749822125,0.04471971015861053,0.01772690192973032,10.751515934837634
0.14233747420732135,0.2422283288772332,0.15029707932725228,0.17717653870450845,0.28796057888368476,12.885622614579823
0.04988918102545111,0.5949815238249462,0.021914201018472582,0.19478865158306982,0.1384264425480603,12.482075572404057
0.3975029282857374,0.01169556893963105,0.049926814414428984,0.3434103286308712,0.1974643597293314,12.003926512932939
0.2860047621330556,0.05022072807078012,0.0315525549944378,0.18597526345889645,0.44624669134282996,13.36042439007738
0.22204163468951144,0.23134113674638376,0.08963939651766492,0.4004671581426758,0.05651067390376418,12.43814441035582
0.19046671332645165,0.2698782412004939,0.3450447642432903,0.1352022604561375,0.05940802077362663,12.007768436905534
0.31672228097237287,0.11435967561823981,0.29229429749833435,0.05630108378212169,0.2203226621289312,11.811731179757782
0.5303798498943992,0.03711009266214674,0.2861876016706478,0.10066432359832025,0.045658132174485964,12.554933015265926
0.5688619544230077,0.04810945015312493,0.2052400992520299,0.03633446253377369,0.14145403363806386,11.112563320884913
0.36326742763468306,0.23032493162186923,0.16225616051832895,0.13501266434778034,0.10913881587733854,12.861006872018342
0.28748948332846586,0.1924439484772908,0.3634241577473694,0.014385392512628496,0.1422570179342454,11.609341341637888
0.5296101307797275,0.03800925530078979,0.013080034673931738,0.2568839957595928,0.16241658348595814,13.276208110921178
0.46280333772533866,0.03778521917615117,0.3980469519074361,0.05651279343388647,0.044851697757187746,11.463131121636888
0.04330647326743272,0.40667625137581537,0.2640732503008467,0.17867944454862017,0.10726458050728496,12.631444175755826
0.3925146173770862,0.09326472893244966,0.3174405830346422,0.10823052403992532,0.08854954661589663,11.599432277561888
0.18712888898746172,0.10804426784703088,0.414763296647529,0.2104587315337489,0.07960481498422946,11.175665736369346
0.3323582255999825,0.0700382228170327,0.11341347145022905,0.34264791442034714,0.14154216571240844,13.42202356950282
0.027743773556680576,0.6272561942583823,0.22051294921193812,0.09101617594229812,0.03347090703070073,11.739170763640603
0.22230108041354998,0.13616288030958776,0.10726916117285468,0.3156255149121923,0.21864136319181518,13.025603276410129
0.07408854491206318,0.16825633015343922,0.1286684692396623,0.6136242767154672,0.015362378979368116,13.326562570554378
0.12949772264326803,0.22062203610587391,0.3213473945255322,0.06426044240051498,0.26427240432481097,11.730535466476923
0.027719278552640555,0.4429982053436696,0.03224342970491704,0.11970497468554173,0.377334111713231,13.544818386577802
0.04058720058336969,0.06506900236509788,0.32011685861565214,0.31813101998115595,0.2560959184547244,12.310303189873158
0.4109491830103061,0.2715832548205897,0.10068368846116271,0.14722760583713337,0.06955626787080806,12.162058157623612
0.3256675724552989,0.11926902885234685,0.06977433823505748,0.08443924359358133,0.4008498168637154,13.225799122203547
0.061257688178601215,0.32472315001711904,0.25942479924057904,0.34786906920180444,0.0067252933618963,11.27301895468377
0.22044494775402734,0.2883241357697725,0.08925389949019039,0.12785683680653953,0.27412018017947015,12.446219475357623
0.3286501470377804,0.04428131384489225,0.22974045332909424,0.2496774729025342,0.14765061288569906,13.03352358755928
0.1808223852717352,0.3693328326113793,0.3522741576126421,0.08127429302539003,0.016296331478853437,11.909347713041758
0.3906437769314807,0.1702496530997567,0.012415965706393996,0.23651271493910075,0.19017788932326787,12.869151020302048
0.281364505257404,0.3441189597977598,0.19583164902428352,0.02166071789730855,0.15702416802324418,12.233462012123576
0.490157965697041,0.0014014573876752826,0.12246762492805222,0.15327642900573635,0.23269652298149526,12.535947709778757
0.4749045029965883,0.08000177756471617,0.0801766497662911,0.25166710742679144,0.11324996224561293,13.235188941258434
0.13442126667077986,0.31825917595451897,0.08022496956973854,0.1025426466875411,0.36455194111742145,12.986843565347018
0.10193907681673701,0.4625470408205016,0.08450565443272437,0.16315893788421726,0.18784929004581968,12.75519601416576
0.002801206375136955,0.23149061452948952,0.04166626293417847,0.6898375779763803,0.03420433818481487,13.627051927721691
0.06697814135845084,0.011158427267139262,0.7214464644409981,0.08724611640188693,0.11317085053152494,10.638803054892456
0.01651541745758134,0.3297125554393819,0.05604154250778234,0.5431194613654743,0.05461102322978022,13.645823768970436
0.11835435186746943,0.020829217021295428,0.357342368760843,0.4654527605995369,0.03802130175085526,11.332327603758497
0.3797402968270409,0.1534805564056433,0.1888931850275924,0.14772265158886447,0.13016331015085877,13.049108603337087
0.1346841396002645,0.027703769432581835,0.0329754514517698,0.32497557075294214,0.4796610687624418,13.674157867537213
0.19741877347200193,0.13338542089534383,0.43633158087697554,0.2220008993963343,0.010863325359344454,11.371578789505943
0.06101662313310144,0.4523440462911782,0.38656569960463816,0.009872083837789345,0.09020154713329293,10.567276282355815
0.08432553284092464,0.35763834150874435,0.006388683389821601,0.03528071629423063,0.5163667259662789,13.361846526871693
0.10298421680561883,0.5538315073534298,0.14244987075217705,0.054843888240817866,0.14589051684795637,11.715134375887299
0.1941287637506952,0.29334402978738877,0.2687069067220298,0.07669753616905486,0.1671227635708312,11.77517760883528
0.0778819222472348,0.11778827793930131,0.7695384880827996,0.004443263595290875,0.030348048135373354,10.489976580739015
0.12382467492349941,0.014287525332488692,0.10637220335292727,0.46478362248074473,0.29073197391033984,13.835522755982737
0.4351714826116078,0.33160384426995543,0.08155536207347501,0.058557993566287145,0.09311131747867467,11.640108625523185
0.2540301459070496,0.0888395211948277,0.27858272456816463,0.14992577462084103,0.22862183370911685,12.50742704062284
0.10454458386807368,0.06364728912251477,0.5410872521084473,0.2631754469543196,0.027545427946644614,10.847465255631738
0.28534980675275573,0.0940126268918549,0.31644274069305534,0.22629787696171594,0.07789694870061797,11.499875135356953
0.009399805586225312,0.12942257536726146,0.3226615199940954,0.41515137800592355,0.12336472104649428,13.246860699335832
0.021298223421232606,0.2556487971063569,0.5904664078646037,0.10585567369752939,0.02673089791027734,10.690442871166296
0.08414219451965269,0.004913348674954506,0.6503406536693296,0.03316200756727123,0.22744179556879204,12.259491216747273
0.07655553000784139,0.1930936040228484,0.2519066699766922,0.4231808058053827,0.0552633901872353,12.175217439875963
0.002031933515378229,0.027052937218105973,0.42318830283429026,0.38052158498682537,0.16720524144540003,12.22716546421961
0.17629028167979133,0.21013310447482217,0.03704582923303153,0.4722821985139698,0.10424858609838507,13.482259977715012
0.1735104120316024,0.26279790608385567,0.01727690652652607,0.06531607121962493,0.48109870413839095,14.142662617160886
0.04065443352956323,0.4347294607873988,0.13241296688633591,0.2319659735073853,0.16023716528931684,12.508428242216814
0.12403703765652332,0.3582607243548671,0.09949284675317704,0.23581186908563864,0.18239752214979393,12.507803149810716
0.2001528785089667,0.5073174780000265,0.24226020189115713,0.044450429760956284,0.005819011838893184,11.496948487024762
0.10652572671176228,0.3166187951817767,0.01848988484191204,0.24021697764974825,0.3181486156148009,13.446770307751258
0.12057998274067899,0.43677178774754616,0.03340850492286377,0.02315099664271611,0.3860887279461949,13.571827512391808
0.1550156149378313,0.2641956815393994,0.1292889206165439,0.06409711359974728,0.38740266930647826,13.001890766583044
0.36096782939712657,0.266582076922434,0.07137329400031749,0.20045879461023536,0.10061800506988665,12.769238768135954
0.01518115207210895,0.393979864389771,0.023254478241252922,0.474237964785362,0.09334654051150525,13.764067478365524
0.03407092793845722,0.12991798684282888,0.3433451795348694,0.21927444867623327,0.2733914570076112,12.653050491099837
0.21062357508791504,0.23086171448363574,0.3705708735404395,0.05626608220303446,0.13167775468497514,11.894117068280986
0.0284364600373124,0.49995022951439844,0.3279647874907003,0.004575197658672072,0.13907332529891694,11.008697784858326
0.4225908162512955,0.03244937098588396,0.1367372356083554,0.4025954613277358,0.0056271158267294594,11.031934999840551
0.11319962856838102,0.033417458164655744,0.24452654632822093,0.33545488676566987,0.27340148017307236,13.028521542626365
0.09688888875495123,0.2985379844824424,0.28054510435640506,0.05792590087443534,0.26610212153176593,12.276692891553704
0.026656667193995273,0.641155097603087,0.1847641819407556,0.09081961503362321,0.056604438228538896,11.679123035897172
0.35641730472597644,0.1242192810559357,0.3858651171679054,0.02021538003624508,0.11328291701393743,11.72020668885354
0.1319213864950471,0.26609702310459105,0.0653002301300648,0.1672715664201343,0.3694097938501627,13.198334406322106
0.2891240169524141,0.08014600509723446,0.007465170235501892,0.6167680262380688,0.006496781476780851,13.493602168633391
0.15484968932249757,0.05612035934779662,0.20859707156420906,0.11953530664882835,0.4608975731166683,13.187856970324319
0.106777138024602,0.36035675232598957,0.12709284313504413,0.16161684508476087,0.24415642142960348,12.34724720311078
0.23619191094259662,0.4726770943238672,0.1669277306727021,0.06174856341492641,0.06245470064590762,12.352524552529715
0.5342206440258787,0.1089467869577174,0.046747346866302046,0.17487101125213061,0.1352142108979714,12.465888918366405
0.06919663085311564,0.05238977431271665,0.008468018094825714,0.003551368192167686,0.8663942085471744,14.850841983576277
0.10293991371326225,0.08944478411920433,0.2099170896031476,0.04540578641601653,0.5522924261483694,13.066446425766438
0.2147739733329664,0.013033954845445062,0.07522339467073333,0.29403089110206315,0.40293778604879216,13.174499462709285
0.09324683454362667,0.14067145168034556,0.027051355480880255,0.7000230734064868,0.03900728488866064,13.155037868906799
0.49092708500159726,0.1800311391737875,0.16063600593722155,0.12339253287126929,0.045013237016124474,12.005270820252676
0.07490791259803044,0.0960656755955165,0.07957754036518241,0.5832325879403842,0.16621628350088646,13.454256169366287
0.004382169285289053,0.2557301499603385,0.15829739234137183,0.19325689320237183,0.38833339521062893,13.003967864097831
0.05500019989392953,0.14527333857535174,0.40877330209868623,0.34283996142966555,0.04811319800236695,10.922873040069028
0.4373881190371529,0.0657074151345578,0.06549984847793422,0.1990510355520428,0.23235358179831248,12.64825065997294
0.2471826906434747,0.027332034899593776,0.5980330293533748,0.08793955600522906,0.0395126890983276,11.451290576167985
0.21924148914697567,0.311064916835369,0.19782297265356683,0.16555119626412046,0.10631942509996795,12.022951084767397
0.36657107116916404,0.041678093973624555,0.24044424471269213,0.2135599218038889,0.13774666834063046,12.129499697045064
0.37220621893550765,0.19835442384593788,0.02447658222354354,0.07202170251427456,0.33294107248073623,13.551090859719501
0.018762340713214306,0.4514246111239715,0.16194787748368733,0.15521111925281939,0.21265405142630764,12.190896464561316
0.391571766135985,0.09612329449049628,0.25486073124006364,0.18758165245076694,0.06986255568268822,11.209837074122637
0.24239095056124654,0.18351341698389273,0.12347246571546865,0.21849499006744652,0.2321281766719455,12.696866523923322
0.194185187242262,0.28587553856694814,0.18840717594918008,0.17962876305237013,0.15190333518923957,12.106251822623545
0.241664739807065,0.029869370093057478,0.36798269654595384,0.35534910151189725,0.005134092042026428,11.329337375425391
0.45634346158415595,0.036024960145271116,0.10657482130656334,0.35529349724581416,0.045763259718195275,12.369391154460834
0.37514531846037014,0.3929874958782936,0.1559528257507251,0.001410752319507938,0.07450360759110329,11.478145979987875
0.13257132419110834,0.5489435658529447,0.1380475818838401,0.0415648682361027,0.13887265983600414,12.198225837310579
0.16830012288836835,0.32802399750405653,0.02452379951130026,0.31024745891954175,0.16890462117673316,13.076527989230032
0.43877988154733466,0.055683143480264034,0.13328138341823084,0.3578604410330611,0.014395150521109646,13.22011719553417
0.4949912642558692,0.20820374713320705,0.01256097675559266,0.06402332407420294,0.22022068778112816,12.528185551273957
0.02925120465344886,0.36610473046214814,0.17807197263386113,0.406929791266956,0.019642300983585843,12.452351961905803
0.1922100660636412,0.34002023934127495,0.32500032538022594,0.12971617611125896,0.013053193103598903,11.329126511417666
0.5614838144328292,0.009844106251406196,0.00884670459071879,0.154610391966743,0.2652149827583029,12.5866872671001
0.15682291147758246,0.12254094756463475,0.06292477834759398,0.03407179013596059,0.6236395724742282,13.503723019222553
0.13542638747681113,0.14637872922778736,0.04356451559626228,0.3861621109752323,0.28846825672390697,13.118139619681202
0.08726863749995624,0.03007735324807814,0.3991731315761241,0.37181489919087657,0.11166597848496487,12.274111919862525
0.42065726341029486,0.02286263029436194,0.07904872578624737,0.40144930678867147,0.07598207372042444,13.846560623122166
0.15642413942424083,0.0779110465239316,0.049268799964770155,0.6354596377921427,0.0809363762949148,12.739439267505498
0.5858540690638524,0.06818256434267415,0.06253454052037938,0.00825297246378027,0.27517585360931396,12.504525285675124
0.06808656970622518,0.29588734273561773,0.09493232262837718,0.5106995469018939,0.03039421802788603,12.635805822624121
0.24464418744873997,0.18065220203533375,0.1776285990056013,0.22454495230045113,0.17253005920987383,12.69704983242397
0.2114936933418775,0.030236999154809218,0.007106517200602334,0.5451023314721148,0.20606045883059615,13.553397245276148
0.4344971790652523,0.1792426218530081,0.03404956972761943,0.03649581355441234,0.31571481579970784,13.575836925249563
0.23429346049622396,0.09319162399229879,0.2816889627385587,0.027634001164302164,0.36319195160861645,11.354452895827581
0.10799773000083392,0.5505506072209777,0.12807693233512507,0.2093459764343305,0.004028754008732967,10.876486426909608
0.030220093370168982,0.20027156805014398,0.2627233036530096,0.36821836406002345,0.13856667086665395,12.194641865378903
0.2213968116198675,0.366759801393325,0.2821943985026804,0.007537552197029672,0.12211143628709735,12.361901933923331
0.01997425212454934,0.0499351628659337,0.777895648750461,0.02769978794915091,0.12449514830990516,10.07641981354972
0.2831448074003834,0.35651771911918545,0.24121757393688456,0.0028877601543121586,0.11623213938923443,10.366776740678525
0.5328423412798915,0.06720248655246362,0.31548193409496805,0.024673727449430277,0.05979951062324669,11.871034957963554
0.1184833722983329,0.03336030903929883,0.1963982940243479,0.2739933172433315,0.3777647073946888,13.273316121851725
0.08107401398984398,0.06654219024836965,0.04009525749567769,0.367299040463153,0.4449894978029557,13.260622335712526
0.006615427521833892,0.5672695651224402,0.011000478746243996,0.1606362162773861,0.25447831233209595,12.489618503559415
0.2917362142254864,0.17838198505475647,0.2305328807402982,0.05907982881387824,0.24026909116558062,11.863489395419625
0.015376774476300582,0.4146897630246355,0.14605365362721479,0.313017045417789,0.11086276345406011,12.565274209971404
0.31824212593021994,0.23055881837857645,0.4057272786432178,0.02626875906092331,0.019203017987062563,10.972399997174634
0.043778657610021574,0.026809392106058427,0.31682281621050135,0.038168337938694424,0.5744207961347243,13.393901222378972
0.10438548338791034,0.05108124162165792,0.3961783143585702,0.2731493910597929,0.1752055695720686,10.715670835136558
0.06969481359613028,0.10921762926080751,0.022302382483296097,0.4822866484402541,0.3164985262195121,13.199894853788425
0.41704128236179,0.08833818409089969,0.4525218180073327,0.029742456091804963,0.012356259448172579,10.613611846012034
0.05318679630852204,0.11085334604938467,0.3618066547992673,0.23184367150740207,0.24230953133542388,12.222910452482594
0.09429956800264616,0.07223312044783606,0.07889194960523736,0.7476105130330175,0.006964848911262998,12.71550253782777
0.37238941861027475,0.15953042423873154,0.10655933160632294,0.23844551457966667,0.1230753109650041,12.912697431499751
0.33631810724304323,0.37581280931389904,0.08911917627862909,0.05273744420684309,0.14601246295758574,11.287927651226312
0.40807540202302633,0.039651865202509975,0.16349819572046118,0.16736288730868837,0.22141164974531435,12.611028626923432
0.03306930048291749,0.2949452217714964,0.5619759170218437,0.046431270957082375,0.0635782897666601,11.41559815329777
0.5350719887110436,0.03005573587701985,0.2900731228605004,0.10204415698951722,0.04275499556191901,12.62950869473001
0.4350904298564032,0.1253246716234613,0.15379739568888973,0.0946499577705498,0.1911375450606959,12.166909794913394
0.032291005621754146,0.08971141835084462,0.6306314075917826,0.053997447721206696,0.19336872071441197,11.562068820717741
0.06422831820900597,0.24247705824466062,0.02290502149225475,0.5716361202378957,0.09875348181618307,12.2059731865397
0.16064167673144164,0.04554450645270395,0.11099369852608279,0.43761876838788494,0.24520134990188652,11.974066703078808
0.3676422392328328,0.1173843799402815,0.059552385867480344,0.19993822326966335,0.25548277168974204,13.36963806612961
0.0646524782283987,0.06489772929040577,0.01321572421158399,0.47164292823426646,0.3855911400353451,13.835026217210231
0.09132195331754746,0.26375472025201346,0.23242834066542353,0.12490177415738866,0.287593211607627,13.17453195962733
0.15574234120841346,0.08020731818962058,0.21243539280794718,0.03972158494074765,0.5118933628532711,12.483690235870165
0.4415666932169666,0.006425430890460891,0.02084807698672669,0.09634416463801067,0.434815634267835,13.667218065551445
0.06779473767789884,0.1262542841744277,0.007574968545278176,0.02864520880734241,0.7697308007950527,15.271419198777544
0.35560295719303053,0.0005247699128547844,0.32135843964483474,0.10800211196462145,0.2145117212846583,12.372674256689871
0.18649614288250704,0.22288681640844873,0.206358536754565,0.33800519379395977,0.04625331016051936,12.371341400458894
0.010271428236333728,0.12423065596880263,0.41167362978066674,0.07609848302942596,0.37772580298477093,12.428255914349291
0.47789472693311774,0.013449899205392503,0.15230124098988654,0.08000368462049948,0.2763504482511039,11.859013661141333
0.02693626078543867,0.16297186911725134,0.25154977903703757,0.3997220742307346,0.15882001682953803,13.250730071615815
0.15085209453299162,0.21106505553832022,0.445819094074416,0.18549291008572413,0.006770845768547905,11.101484894382866
0.4249702583879147,0.1859660447953105,0.17943783965751298,0.038624213870070305,0.1710016432891915,12.464307199549161
0.04917542069748085,0.10346314457314013,0.01107099820340344,0.1053432459885463,0.7309471905374293,13.547197290902673
0.006236853129725665,0.47709006963828327,0.0659374575215111,0.2582480416166639,0.19248757809381606,12.243230049409531
0.16097336484317232,0.2579109665199915,0.40538176849311885,0.09956808305427363,0.07616581708944366,12.28462973847462
0.1732282117570589,0.25942762659686064,0.2259623415854854,0.25142324751236395,0.0899585725482312,12.021434761263347
0.5647046250564127,0.0424716035392214,0.26076898591088715,0.0019152388732151995,0.1301395466202635,12.598391264370113
0.14099331557680347,0.15583061782337979,0.3672766106901337,0.15195955936983022,0.1839398965398528,12.006090477764777
0.13579483757794097,0.23393167176191032,0.12909270858909694,0.0380596596103379,0.46312112246071385,12.267318553140527
0.21380680462500964,0.1872534200640655,0.12067194784420385,0.09257410734026619,0.38569372012645475,13.500632225567218
0.31743755237370064,0.28287617350096644,0.011264043402529513,0.18099785303564023,0.20742437768716304,12.576295666932086
0.11249579325742552,0.1918706217453898,0.1686152102887383,0.20697873268827238,0.3200396420201738,13.282701011273977
0.2664634172547573,0.2012552289841096,0.49472839598988444,0.0029245129960164835,0.03462844477523202,11.131420745609992
0.0012185378017854863,0.16735398768477758,0.36645963207052784,0.04478726142559206,0.4201805810173171,11.823244257077848
0.015569579816399882,0.6824799126376607,0.10852697533630673,0.026786046909884488,0.16663748529974814,12.405184958276742
0.08731820587127657,0.09865716051137056,0.1080283462056793,0.47804654713717015,0.2279497402745034,14.282973920194307
0.10883912660517459,0.27503445431754775,0.36749821038772734,0.09289121455574856,0.15573699413380185,12.118044612716805
0.05376013570024127,0.08266072417013426,0.47272474436021455,0.0828067246658292,0.30804767110358056,12.074144735086325
0.21371927481755476,0.019566705466786936,0.1450204516418776,0.05132190225279978,0.570371665820981,14.035728648536836
0.15934311031381693,0.39544899521551286,0.19268013312148002,0.010702892911270263,0.24182486843791987,12.46150291103926
0.37476220938335736,0.11404809660415582,0.21194250593895197,0.26716723298479694,0.032079955088738,12.177872817996903
0.04076288575804811,0.16149000256251114,0.09054836589223986,0.31330915956239047,0.3938895862248104,12.924723180153986
0.10203461438284389,0.06325446876847511,0.3548532123565643,0.07518536602239159,0.40467233846972506,12.73401265262443
0.16543811049995802,0.33053972854784125,0.030138200862322273,0.29347975047287833,0.18040420961700016,13.438877561044148
0.19066673354898078,0.03970206780476425,0.2881760415669193,0.4287269000379634,0.05272825704137217,11.80689196199721
0.03496985117663372,0.008314910117830478,0.35701174351417025,0.32470172836883354,0.27500176682253213,13.310282316615979
0.0390721256335245,0.07340480307877549,0.13363399267808165,0.10167197789420382,0.6522171007154146,13.796038271558825
0.039904716695710246,0.32315081238185434,0.1409257297407661,0.15205608940539062,0.3439626517762787,12.53423587418612
0.1581714111269679,0.6357840178524298,0.018434504426674988,0.014747972549214929,0.17286209404471253,12.063100980770756
0.2397401567723841,0.08894527547083145,0.022970261691680302,0.024857883468814918,0.6234864225962894,13.718408451739595
0.1553658564499099,0.28489557961652917,0.18745787871742592,0.3198052799382547,0.05247540527788029,12.641975822049226
0.21180953713554124,0.02025665044338905,0.4662109976892275,0.07702483528050791,0.22469797945133416,11.711329879767039
0.4482450454894926,0.2224044268166469,0.16090398132500022,0.08285882787973982,0.08558771848912053,12.029330362872019
0.11704862291802079,0.5433710018173538,0.11463012892382357,0.08626653376681337,0.13868371257398854,12.562970782691682
0.1285673065456502,0.012741602717780492,0.16972157974422214,0.649376881343017,0.03959262964933024,12.898848580269073
0.4090529930691467,0.07834300188051266,0.2680569246893364,0.035510840134089915,0.20903624022691428,11.146495241277336
0.19770070823143154,0.05982528449911378,0.15316724756761826,0.22231227929245131,0.36699448040938504,12.5674954949844
0.031644753642679914,0.06031483608273278,0.01956887396533836,0.578746474200417,0.3097250621088319,14.222862142091852
0.17533937323906237,0.4167328154996214,0.16620049990784677,0.2206466813683237,0.0210806299851459,11.995742617741454
0.23265094835023348,0.02258366951546682,0.2890925959352932,0.2517885406312168,0.20388424556778972,12.149284704393898
0.029665343597472315,0.29089469523486666,0.24592278913147975,0.35963755970697747,0.07387961232920372,11.58996259065638
0.5490442983942432,0.16030489236654766,0.07242548737959711,0.10047596932872341,0.11774935253088867,11.725750968580723
0.09465237140085087,0.07477164957039939,0.25970291471061574,0.07086131841067442,0.5000117459074597,12.076022065936186
0.28746242130657007,0.03525518654625481,0.4022164601116262,0.018651820341127206,0.2564141116944216,11.942146786020936
0.0613506732298647,0.2693974684200197,0.2593900003599019,0.20997174658641665,0.19989011140379706,12.096629163080689
0.1551961348310511,0.03603827609389022,0.22029425118154222,0.08139662833596512,0.5070747095575513,12.71943662332086
0.06039596747834316,0.5279794116841164,0.145637608547883,0.24577425829206134,0.02021275399759594,12.103962719751136
0.2610039691539205,0.337461947983871,0.08797622479691494,0.12282492439449409,0.19073293367079946,12.762469053436678
0.09535107772231012,0.34646803018192146,0.25234921486132844,0.07852405414656083,0.2273076230878792,13.341609486865796
